##TITLE= Parameter file, TopSpin 3.7.0
##JCAMPDX= 5.0
##DATATYPE= Parameter Values
##NPOINTS= 1	$$ modification sequence number
##ORIGIN= Bruker BioSpin GmbH
##OWNER= waudbyc
$$ 2025-11-17 11:12:26.956 +0000  waudbyc@cl-nmr-spec701
$$ /home/waudbyc/nmr/sophia_trypsin_lig1_251117/6/pdata/1/clevels
$$ process /opt/topspin3.7.0/prog/au/bin/iexpno
##$LEVELS= (0..255)
-24560.374209725 -13644.6523387361 -7580.36241040896 -4211.3124502272 -2339.618027904
-1299.78779328 -722.1043296 -401.169072 401.169072 722.1043296 1299.78779328
2339.618027904 4211.3124502272 7580.36241040896 13644.6523387361 24560.374209725
0 0 0 0 0 0 0 0 0 0 0 0 0 0 0 0 0 0 0 0 0 0 0 0 0 0 0 0 0 0 0 0 0 0 0 0
0 0 0 0 0 0 0 0 0 0 0 0 0 0 0 0 0 0 0 0 0 0 0 0 0 0 0 0 0 0 0 0 0 0 0 0
0 0 0 0 0 0 0 0 0 0 0 0 0 0 0 0 0 0 0 0 0 0 0 0 0 0 0 0 0 0 0 0 0 0 0 0
0 0 0 0 0 0 0 0 0 0 0 0 0 0 0 0 0 0 0 0 0 0 0 0 0 0 0 0 0 0 0 0 0 0 0 0
0 0 0 0 0 0 0 0 0 0 0 0 0 0 0 0 0 0 0 0 0 0 0 0 0 0 0 0 0 0 0 0 0 0 0 0
0 0 0 0 0 0 0 0 0 0 0 0 0 0 0 0 0 0 0 0 0 0 0 0 0 0 0 0 0 0 0 0 0 0 0 0
0 0 0 0 0 0 0 0 0 0 0 0 0 0 0 0 0 0 0 0 0 0 0 0
##$LEVSIGN= 3
##$MAXLEV= 8
##$METHOD= 0
##$NEGBASE= -401.169072
##$NEGINCR= 1.8
##$POSBASE= 401.169072
##$POSINCR= 1.8
##END=
